open = 10^8;
